28.7812 34.4632 31.3381 31.2834 28.9207 33.7596 25.3969 27.7849 35.2479 27.1159 32.8717 29.2171 36.0253 32.337  34.5249 32.8717 34.1173 26.5235 27.6623 26.3693 25.7744 29.27   30.7326 29.5054 33.0292 25.04   28.9167 24.3437 26.1203 34.9424 25.0293 26.6311 35.6541 28.4353 29.1495 28.1584 26.1927 33.3182 30.9772 27.0443 35.5344 26.2353 28.9964 32.0036 31.0558 34.2553 28.0721 28.9402 35.4973 29.747  31.4333 24.5556 33.7431 25.0466 34.9318 34.9879 32.4721 33.3759 25.4652 25.8717
24.8923 25.741  27.5532 32.8217 27.8789 31.5926 31.4861 35.5469 27.9516 31.6595 27.5415 31.1887 27.4867 31.391  27.811  24.488  27.5918 35.6273 35.4102 31.4167 30.7447 24.1311 35.1422 30.4719 31.9874 33.6615 25.5511 30.4686 33.6472 25.0701 34.0765 32.5981 28.3038 26.1471 26.9414 31.5203 33.1089 24.1491 28.5157 25.7906 35.9519 26.5301 24.8578 25.9562 32.8357 28.5322 26.3458 30.6213 28.9861 29.4047 32.5577 31.0205 26.6418 28.4331 33.6564 26.4244 28.4661 34.2484 32.1005 26.691
31.3987 30.6316 26.3983 24.2905 27.8613 28.5491 24.9717 32.4358 25.2239 27.3068 31.8387 27.2587 28.2572 26.5819 24.0455 35.0625 31.5717 32.5614 31.0308 34.1202 26.9337 31.4781 35.0173 32.3851 24.3323 30.2001 31.2452 26.6814 31.5137 28.8778 27.3086 24.246  26.9631 25.2919 31.6114 24.7131 27.4809 24.2075 26.8059 35.1253 32.6293 31.0561 26.3583 28.0861 31.4391 27.3057 29.6082 35.9725 34.1444 27.1717 33.6318 26.5966 25.5387 32.5434 25.5772 29.9897 31.351  33.9002 29.5446 29.343
25.774  30.5262 35.4209 25.6033 27.97   25.2702 28.132  29.4268 31.4549 27.32   28.9564 28.9916 29.9578 30.2773 30.4447 24.3037 24.314  35.0966 25.3679 32.0968 33.3303 25.0102 35.3155 31.6264 29.2806 34.2021 26.5077 32.2279 25.5265 24.824  27.5587 28.3714 32.3667 26.9752 35.9346 35.1146 24.3749 27.6083 27.8433 29.8557 32.4185 26.8908 31.3209 29.3849 34.3336 24.7381 35.769  31.8725 34.2054 31.156  34.6292 28.7261 28.2979 31.5787 34.6156 32.5492 30.9827 24.8938 27.3659 25.3069
27.1798 29.2498 33.6928 25.6264 24.6555 28.9446 35.798  34.9446 24.5596 34.2366 27.9634 25.3216 35.4154 34.862  25.1472 29.4686 33.1739 31.1274 31.3701 26.5173 28.6486 31.6565 35.9497 33.0321 24.6081 33.2025 27.4335 32.6355 35.8773 28.0295 33.1247 33.4129 26.9245 30.2123 29.6526 30.8644 24.5119 33.9931 33.3094 33.204  31.2651 27.9072 35.111  35.0757 33.833  25.9481 29.1348 24.2875 32.3223 34.9244 27.7218 27.9601 35.7198 27.576  35.3375 29.9993 34.2149 33.1276 31.1057 31.0179
25.5067 29.7929 28.0765 34.4812 33.8    27.6671 30.6122 25.6393 30.1171 26.5188 30.1524 27.8514 29.5582 32.3601 29.2064 26.1001 33.4677 33.901  29.2674 34.8311 31.9815 26.496  32.6645 27.7188 35.7385 32.8309 30.1509 30.5593 27.3321 27.4559 24.2361 34.7268 29.9207 27.273  35.9963 32.3917 27.139  26.4589 25.0466 35.5002 27.9961 25.8897 31.3951 30.7583 34.9652 28.0919 35.6706 33.4401 28.458  31.1795 26.9458 35.8381 26.7134 25.1641 27.341  25.2093 33.4669 24.1094 33.1669 35.4907
28.6989 29.2101 30.9291 34.6229 31.4138 28.4636 35.9115 32.9058 28.7669 24.2868 34.8983 33.7291 29.1154 26.2804 33.4559 31.6103 33.3061 24.553  29.1587 27.8378 25.3525 25.2126 26.9565 27.9928 29.5057 31.0723 26.3605 27.7434 34.0438 25.1053 24.4462 35.4191 33.3472 32.2356 24.5244 29.4635 24.6889 28.1962 34.2994 31.6316 30.8005 35.7727 31.3444 25.5691 32.7839 32.7707 24.1047 34.006  28.8249 24.0499 29.8274 24.0323 31.0756 34.3358 25.4358 25.893  35.6732 25.1869 29.6669 26.4637
30.9493 34.317  35.5674 34.8829 30.6691 35.2667 35.895  25.9022 28.8917 32.2092 28.9898 26.0572 31.7516 32.294  31.0631 24.1612 26.6554 25.2452 30.5956 31.391  32.1604 33.7765 31.1336 32.626  28.8616 27.6223 33.9381 33.9836 34.8895 29.4617 34.5734 32.4431 30.0745 25.0495 29.2942 28.2689 28.4819 29.8917 33.1162 26.4574 27.4442 33.0784 33.2286 27.5837 24.4895 26.2151 24.0331 26.4765 34.8568 30.5934 35.4341 31.1248 24.2424 29.7172 35.9365 36.0187 26.3866 33.1842 31.3025 34.523
35.2538 34.6402 35.7584 28.551  25.6518 29.6442 31.94   35.9086 28.9622 24.6224 29.7635 29.5098 28.2109 34.2855 27.5473 25.4274 32.3429 34.79   33.7012 25.3495 33.7603 26.4442 24.5097 30.4135 28.4948 28.8433 32.4284 24.5071 31.7032 29.8722 35.852  35.7172 27.1922 24.3206 25.2698 29.6203 24.3243 31.1824 25.0701 31.8824 28.6468 32.857  24.7469 29.3045 27.3994 26.1497 31.9613 34.7492 24.8681 32.0285 32.7486 33.5455 24.1792 25.398  35.2296 28.3435 26.5999 28.9487 30.2372 32.3833
29.1734 31.5089 33.1944 35.6177 31.589  35.1223 28.6222 34.3145 33.1096 35.6842 29.7341 28.2495 30.4642 24.7513 26.3774 27.9832 33.6256 33.9634 33.7699 24.4594 26.146  32.9271 27.3248 35.6258 31.3697 26.8933 24.1528 25.8813 30.6996 32.7152 24.3243 29.6383 27.6021 26.7215 24.3555 34.1569 27.5892 24.3209 32.5984 25.127  35.3361 36.0073 34.266  26.9172 31.7032 35.5142 28.3009 35.5839 31.8163 33.7563 35.6908 25.5129 30.5505 33.3061 32.9789 24.0496 32.8313 29.2413 35.4543 25.8732
35.2623 35.6805 31.0851 30.2589 24.1366 27.0766 25.777  33.1482 24.7965 26.2804 33.3828 28.5484 26.7417 35.9152 30.3841 31.6716 24.0114 33.0446 33.5631 33.9432 31.3396 24.4979 31.7928 34.6457 26.8155 33.8731 26.529  35.2714 30.506  29.6243 32.4622 33.0465 29.1157 26.2378 28.1837 32.0623 28.3332 30.979  33.2201 24.2508 27.1735 32.1189 24.5262 30.8321 27.5047 26.0098 25.2243 24.1142 29.4958 26.2298 30.5457 24.8259 29.9075 28.0949 31.5622 26.4082 34.1331 28.1918 30.2934 29.4113
26.7115 24.0969 30.0213 29.9423 31.546  33.7673 26.7519 28.7294 26.0583 35.7051 33.7974 25.0704 33.0428 25.8115 33.0476 26.1295 34.1154 31.8647 29.3071 35.8575 28.5234 28.8444 29.064  29.9277 25.607  29.2266 35.8355 25.3635 29.9563 26.7468 27.8587 34.6508 24.1421 31.6518 34.3266 25.0469 32.1332 32.3726 35.2883 33.8705 27.6212 25.3705 30.0375 31.0275 35.0871 32.3201 35.2013 28.5212 31.4061 29.7925 32.4699 28.1966 31.9195 35.4859 24.267  30.7084 28.9351 35.5112 24.769  33.8874
34.2296 32.8783 24.2457 26.9036 25.8677 34.0545 30.8923 28.7287 26.8493 25.1119 35.5939 32.8941 31.6723 31.0947 27.8547 27.3891 32.38   33.363  28.6751 35.9185 28.6512 31.0771 27.9359 24.4726 32.836  33.6076 32.7391 28.5572 26.6983 29.3717 30.0338 32.171  25.1575 30.7488 33.8756 26.0792 35.3339 36.0081 32.6829 29.1686 30.0925 31.9654 30.9023 31.138  25.2074 34.7371 24.5134 25.3686 30.3896 27.58   32.5904 30.0628 35.5009 33.8415 24.3448 25.8394 30.8182 27.5833 32.3322 32.7611
30.1451 28.2025 26.5217 26.3509 35.4694 33.4757 32.4387 35.9166 32.297  29.0548 31.9811 28.461  26.5544 29.6684 33.8492 29.8039 31.6951 29.0625 32.6965 26.0263 28.942  30.5328 27.3384 24.6595 25.8827 35.0801 33.7214 35.3324 31.803  26.6759 34.3651 24.4032 26.8338 24.2042 28.6064 24.4451 32.0895 34.9982 29.0922 31.9532 32.9877 27.6751 24.4531 30.5809 31.3844 35.9449 30.3716 25.9569 26.85   29.7731 32.3711 32.3036 34.2564 26.572  26.7762 29.2762 34.2656 30.6595 35.3743 33.7996
24.0543 33.0039 35.4925 28.5634 28.7661 32.5147 29.9813 24.3169 24.4333 34.1441 30.3602 33.7229 29.9475 33.1878 33.2168 29.3504 30.0261 25.2739 27.8404 24.5589 34.8932 27.3762 30.9548 24.9544 34.8789 29.0019 30.0958 25.279  35.3291 27.3516 24.0308 28.0365 26.2937 29.5068 29.7356 30.0859 24.2515 31.0451 27.7229 25.7112 28.3086 34.6299 28.1026 32.5555 28.1261 33.7508 24.6077 32.5044 26.3491 25.1564 30.9944 26.435  32.2903 35.3188 27.2172 34.7463 25.7472 31.9507 33.8573 25.9962
28.1944 30.7994 33.901  26.7178 27.5378 28.0809 32.55   33.7445 26.0439 32.6774 34.3255 30.2526 29.8171 33.027  35.6129 27.6788 32.85   28.4272 28.5124 25.5923 30.614  31.882  29.9064 28.2748 31.9826 29.8193 35.3445 34.161  32.2591 34.4338 31.9881 28.5877 24.3926 33.4853 30.3804 28.3666 35.2274 33.4754 32.6928 28.1433 35.2384 25.0998 29.5685 29.4128 33.486  30.7954 27.4526 26.2169 25.7553 27.1845 30.0683 32.142  35.4099 34.595  24.051  34.6641 35.2538 34.1011 24.7752 33.6604
26.0377 28.3229 27.8169 26.0755 35.83   26.7637 30.3826 33.3847 27.0971 31.2636 28.3222 33.8503 29.2406 30.9709 32.7149 28.5763 26.1684 34.284  35.7172 31.1575 24.9529 26.8294 29.8303 29.4304 27.6832 27.3296 34.3358 34.0192 31.7303 34.1595 28.4973 33.5528 33.2326 34.4434 34.0728 31.4131 26.6576 24.9265 30.1381 32.0219 35.4073 35.9725 26.9969 31.1964 33.9649 35.7227 30.3125 35.0085 25.1766 30.6632 29.7037 29.3188 24.8644 35.0739 31.7388 32.7134 24.8413 33.0736 30.9048 34.6861
35.4815 26.8952 34.7511 36.0264 26.2202 30.3771 24.7539 29.3497 33.5999 29.1047 29.2619 28.4412 26.6106 30.9188 33.6436 32.4765 27.569  35.6915 24.3268 33.789  30.1495 24.0253 24.21   27.4486 32.3197 34.4349 31.084  35.0607 26.6161 31.5706 29.4014 28.8422 24.8527 32.1468 35.1609 33.1173 31.9015 34.6938 31.391  24.5652 33.5929 27.2686 30.7532 28.6854 33.7192 28.3729 26.4905 33.8158 24.6856 26.0858 32.1405 35.9423 35.0853 35.3845 31.4013 28.1588 30.4594 30.368  26.5412 31.4222
27.0997 31.5199 30.8038 28.5932 26.6983 32.5261 24.7359 30.7745 35.4374 34.7526 34.7507 29.6368 28.0144 30.3254 28.9633 28.6442 35.9721 33.4618 29.2663 27.2025 28.2906 25.0521 26.3884 30.3081 28.3413 30.4774 24.7113 29.9247 26.8654 27.2003 32.2026 30.661  26.7773 34.4753 33.4577 29.8766 32.1493 33.5822 25.9345 24.7936 28.382  34.8333 25.0007 28.9384 30.6511 36.0228 33.6601 26.0887 31.0337 32.1343 26.9671 24.556  29.7037 25.5431 31.2221 31.6727 28.7342 28.0614 35.1066 27.0854
29.4965 28.1316 29.4459 31.4876 32.5261 34.8466 33.0777 24.4932 32.7123 27.7038 28.5014 24.8846 32.7483 32.0719 25.7744 26.7732 31.6    28.9453 33.93   32.7016 34.9938 27.2598 26.0245 33.6575 32.6517 31.4156 26.0443 32.6352 25.3734 27.717  30.7572 33.9094 34.6538 35.2325 27.099  34.4929 33.5495 31.9312 34.7779 24.173  32.3032 30.2163 25.5655 30.6033 28.8091 28.4926 34.0086 35.3423 33.3667 28.6505 34.2759 25.9477 34.2359 26.5977 30.2361 34.0872 29.2068 33.3659 29.7426 27.6759
25.7946 33.9116 25.3323 24.43   26.9818 25.3804 25.3411 30.1135 25.4443 29.9155 29.0078 24.4778 35.2149 31.2526 25.672  31.3536 27.2958 31.0077 31.9731 26.6106 26.8004 29.5002 30.553  33.3039 33.5694 30.762  28.736  25.3543 35.8814 32.9954 28.4882 25.188  31.8923 31.9371 29.8689 28.7089 27.6002 34.4885 27.7361 34.7342 34.2649 25.8412 27.6505 28.8646 34.0813 31.8497 28.7188 30.452  33.2998 27.352  35.4062 28.5719 27.1919 24.7289 34.0335 35.9945 32.1629 33.2212 32.0906 26.8977
33.4655 30.7767 35.9042 35.4448 27.8881 24.0044 28.7063 24.5398 33.9381 25.1457 29.198  30.5196 32.294  33.6718 27.9241 24.6221 33.9476 31.9158 25.9536 33.0957 34.2384 34.2153 33.3465 28.9843 26.1424 30.5093 35.3082 29.1583 35.5773 32.334  24.1693 29.9548 27.1915 26.0546 32.8974 34.5006 28.4621 29.2479 27.6164 33.7122 31.7682 31.0088 28.0262 25.5805 34.3056 24.1263 24.4146 31.0014 28.2003 30.2325 24.043  34.328  35.9552 25.0429 24.2347 35.5362 27.6615 25.7862 28.3508 33.8789
31.7006 31.3466 34.3405 33.6582 34.7008 29.0794 27.8264 24.3558 30.6202 35.5902 29.74   25.7469 31.3047 24.4429 25.9044 29.9086 25.3668 32.9781 33.1408 27.0182 34.6685 24.452  33.0362 31.0741 26.6194 26.301  27.9443 27.7137 24.1028 24.4755 34.5873 24.9889 26.8456 26.3598 29.1752 33.0053 25.878  24.9063 32.4332 32.958  25.7289 35.8425 35.5854 26.193  31.1057 24.8163 27.8995 31.3091 33.0365 28.6898 31.3914 35.6835 35.4587 35.1657 30.2692 34.1705 24.8597 33.2455 25.618  28.9975
32.2613 27.3329 30.694  27.3329 33.7185 30.3973 32.7784 30.8898 31.1498 33.562  25.7447 29.9681 35.6122 27.7049 30.9959 32.3987 30.1043 26.3036 30.4311 31.5008 31.102  32.7457 29.9218 27.7409 25.0859 33.7034 32.5603 32.2691 31.6308 33.9865 31.8651 34.6666 33.2088 33.9847 32.8324 31.5364 35.3181 25.2713 30.5226 26.0689 33.186  25.8133 26.2724 35.0607 28.3225 25.7983 35.2806 25.5409 27.6105 33.9843 33.302  34.0824 35.8403 35.4191 24.8211 29.9614 34.541  26.3667 24.0132 27.9344
30.2137 33.5576 34.5969 35.8645 32.4596 30.8967 24.4473 30.105  33.0696 33.782  29.2145 25.1968 27.0663 31.463  31.8449 33.6906 26.4361 25.5662 29.0188 30.7936 35.343  27.7431 27.6663 32.4993 33.8239 31.8706 33.6138 28.8818 35.0243 30.3624 28.2153 25.611  34.3482 29.8454 31.1252 31.6297 35.9038 27.4732 28.4687 29.4584 34.7904 35.4852 33.0288 30.7906 32.312  31.0554 31.6426 25.2269 34.8565 27.341  26.2551 33.0949 29.2971 34.4702 32.1295 34.111  30.0488 34.1841 35.0915 30.9676
34.2127 25.669  24.0059 31.6246 28.0684 25.6268 28.1628 28.8987 25.7417 31.9892 35.1106 25.8618 30.6239 26.8584 31.4748 29.1991 32.7211 28.0706 30.2629 34.9835 28.7801 24.3096 26.3704 25.2794 33.9766 31.7935 32.5812 24.0907 35.906  35.2648 29.4811 26.5162 28.1257 27.2378 29.7077 30.1135 25.8655 28.566  29.7903 30.4715 32.6818 27.5264 25.9386 29.4951 29.14   33.334  35.4958 26.7002 24.5009 24.8626 35.6879 29.9905 25.8949 26.5808 26.1122 32.1453 26.1299 32.3139 30.3287 25.5908
33.0777 32.9058 26.4093 25.7531 25.1916 24.8237 30.9287 31.1634 24.5578 27.15   25.423  35.0103 27.6428 32.1376 34.0346 28.3512 33.2672 25.0675 29.3361 25.4355 28.3012 34.689  35.2178 27.2896 26.2158 25.0862 31.629  26.2209 31.0117 35.4697 30.0635 27.5448 33.7056 29.79   32.8706 34.7691 34.2142 31.1215 28.6942 34.7067 27.3568 26.7876 25.9099 25.0102 30.0521 26.6473 35.7    24.3375 28.2612 25.2346 30.7076 35.4429 29.0485 33.5808 31.5695 33.7699 24.1168 27.6781 34.4048 24.0316
26.1229 27.5393 27.8286 32.7989 32.2584 33.4875 29.162  31.4509 28.2759 33.6307 27.414  30.5229 31.8324 25.7421 27.4353 26.9602 35.6475 26.8529 34.6861 33.273  29.8359 25.8005 30.6239 26.5261 24.0779 32.5401 30.845  34.1345 32.3976 35.0643 35.3236 25.9327 25.4377 29.7709 35.0842 34.0475 29.5968 32.3917 29.0467 25.6488 28.9655 30.7561 34.8815 34.3376 29.9152 27.1662 35.5832 27.1151 28.5091 35.3886 26.0957 24.7264 36.0319 35.6522 29.4995 24.5159 35.1671 29.4073 30.4972 26.9994
34.1522 28.7753 32.6374 28.143  31.2739 26.1861 30.5754 25.8647 32.9737 31.8166 31.6227 35.1106 34.183  31.8078 26.1758 27.6579 31.9606 27.0667 29.2406 31.6584 29.1921 29.6959 32.482  30.3099 27.2165 32.4655 25.1156 27.042  24.3044 32.9286 31.3639 24.8945 30.8986 31.3293 33.999  34.779  34.2928 35.7775 32.5312 28.7698 31.9694 29.9321 33.356  25.3139 30.1704 32.9341 27.8929 29.9699 30.6503 26.3403 32.7931 30.6048 34.5623 34.2197 31.6503 35.3849 26.2478 34.9039 24.6559 27.5973
26.0528 26.6546 25.6327 30.1965 30.5483 34.0332 32.3961 33.7864 25.5313 28.2777 26.4655 29.0651 34.5888 29.7962 28.0802 29.7999 27.6123 29.1554 33.9127 26.5408 25.0594 30.7715 31.8963 33.8984 29.8278 24.1447 28.8561 27.1933 26.2779 30.4205 32.6704 27.5712 27.2187 29.1088 32.9433 35.129  35.3724 33.0828 30.217  33.0417 32.5011 32.456  25.3429 26.9646 31.1641 27.323  31.0627 29.8395 25.5372 26.3976 29.4679 28.584  32.6877 26.9664 33.6384 35.3148 24.6393 33.6931 32.7398 30.9551
26.8518 35.4224 27.0112 24.2167 27.0174 33.6189 28.1863 33.7959 29.9684 29.5619 27.2179 24.2515 34.9586 27.8213 33.4783 24.5626 30.4528 35.3471 30.8729 26.6348 35.3809 29.4576 27.2403 25.127  29.296  30.4869 30.4436 24.4917 29.0236 35.7933 31.2588 25.6396 33.9068 35.1062 31.0312 34.7169 25.0411 32.3858 25.7358 34.2142 29.3919 29.4429 32.5562 31.0855 25.0682 28.8543 34.5058 25.8343 35.5715 35.4932 25.481  29.2836 32.857  29.9717 31.2632 31.1432 33.1364 25.6833 24.1359 35.064
29.3166 26.3116 27.7893 28.194  35.7062 31.5904 29.3508 36.0195 33.2899 28.5142 31.3183 34.2484 31.0256 31.5537 28.6898 24.9445 31.4707 24.8406 27.4768 24.6015 31.9635 26.3065 34.2902 30.7153 30.1546 30.4814 24.889  27.3876 32.7549 25.8611 25.9404 24.3312 24.264  24.0532 29.0904 33.3806 26.9065 31.8813 28.0247 25.0014 28.042  36.0143 29.9772 33.6428 26.6113 27.5778 31.5445 33.258  35.0496 28.0042 26.8595 28.5994 35.5314 35.288  25.9404 31.7549 27.8055 32.3994 30.9526 32.5944
35.1227 25.1472 32.417  29.6882 25.0212 34.6611 33.2738 25.8082 32.6227 35.8406 30.4755 30.5027 34.0827 31.6694 34.2069 34.0222 26.3168 26.1196 30.3481 31.1876 29.0985 25.3752 26.4402 35.4102 32.4707 34.6611 26.6043 29.0919 26.7171 36.0107 27.5411 31.2787 29.5373 34.5906 25.4604 24.228  31.0848 26.5514 29.8013 28.0659 24.1965 24.1528 25.4604 29.0948 28.4423 27.233  35.8197 26.8581 34.6688 28.6391 35.7609 25.8574 31.3525 26.9212 35.4235 32.4629 27.4019 25.6033 35.7554 27.312
28.1731 28.4389 32.2253 33.9017 35.7554 34.0295 32.4651 25.0392 30.2963 27.1779 35.5854 28.5223 27.4948 30.5229 35.2035 29.3115 24.625  33.331  30.0125 29.5685 26.4883 29.4521 31.7465 32.2881 35.8564 29.4488 30.2982 33.1335 31.3393 26.2147 26.1703 26.8647 33.8341 31.7795 29.8612 28.7386 31.7935 32.2569 30.0613 33.0417 34.938  26.7663 34.8245 29.4606 26.6454 33.3788 31.1645 35.5509 24.4792 35.3952 27.3994 25.3521 31.1204 27.7622 35.7338 25.2651 24.9985 28.6369 27.0365 28.6115
25.5897 35.4172 28.1573 24.0632 33.7019 30.8997 32.7549 30.0114 26.1273 30.9206 28.346  32.9855 33.6024 26.4475 27.1335 35.0434 24.2012 28.0703 30.303  24.0084 30.2288 29.7624 29.9457 35.3875 24.1373 27.6615 26.4218 35.6019 29.6757 31.0686 32.9631 24      33.9516 32.9543 33.2936 35.1499 30.1895 33.6054 32.5309 29.7558 33.6245 24.5244 34.7841 29.5505 27.2918 26.225  27.5448 27.2477 29.1073 26.8676 34.9134 26.9084 32.4402 35.707  30.968  34.6009 35.6365 26.0983 28.0086 29.8116
33.0274 30.1664 34.7195 26.2819 26.4512 27.5253 30.5251 24.0995 26.084  34.5403 24.1979 33.9208 27.4137 24.4924 30.1421 35.3133 29.4165 24.9728 30.4091 26.0296 32.6359 34.898  32.6249 24.2064 34.0897 35.2766 27.1673 35.8979 29.9097 24.9078 25.961  30.4355 30.6037 30.2574 34.3651 32.287  27.6395 32.7171 30.2306 34.9813 24.5494 27.222  30.2156 26.2694 35.1481 35.1062 28.6538 34.6475 29.6981 32.4714 33.4614 29.1591 32.4516 26.077  32.5008 27.8206 26.496  33.4559 30.6621 29.9978
25.7733 30.8156 27.1798 31.8126 30.3624 34.5414 25.3106 28.6931 32.3609 30.9063 28.1239 35.53   29.126  28.1037 28.2943 28.5436 30.7076 29.4341 29.8865 31.8578 30.2655 33.3064 25.788  24.2537 32.6109 27.3406 28.938  33.5003 25.4204 34.1029 32.8882 33.5672 24.3702 31.3675 35.9332 24.1454 28.6049 33.056  28.4173 28.1239 29.8186 33.4236 29.3195 25.4428 31.6969 28.4463 35.6291 28.2675 30.4645 33.5672 30.777  27.1107 33.6256 35.0012 35.9585 24.8773 31.5306 34.4143 25.7358 32.8584
34.9666 27.9138 28.6666 29.0522 33.2348 31.0326 29.7922 29.599  34.042  26.7446 31.8306 33.049  27.6425 32.4222 24.267  24.3467 24.5207 30.4146 24.6672 26.8768 33.1177 30.3514 25.6283 28.4709 30.6261 31.918  35.7617 34.4404 34.02   35.8792 24.0599 25.4042 35.5491 28.5219 28.2359 24.8464 30.1972 27.1342 31.8269 30.1039 31.694  27.4544 27.0813 35.7874 27.8209 24.9438 24.8494 35.6996 24.2989 35.0456 31.4042 27.6887 31.7252 31.5879 30.1785 27.8327 24.5262 29.3243 24.437  34.1679
27.2146 25.2048 34.4779 30.5769 32.0237 24.368  33.1845 31.2232 35.577  33.9179 26.3755 27.5191 31.0231 33.8731 33.1504 30.5365 26.7027 24.9518 28.2847 34.757  24.0422 30.2156 35.0562 35.8997 25.7373 29.8997 33.4662 24.9882 30.9922 31.3598 28.6732 31.2306 28.7085 24.8145 28.8249 27.5797 29.6225 26.8298 24.4208 24.2365 27.955  34.4173 31.2441 31.6011 29.8348 31.5262 24.271  25.4072 27.0288 27.2315 29.1587 28.7368 29.1712 26.738  30.2556 34.5216 33.0307 34.8322 33.9322 27.6248
29.9681 29.0023 30.4124 34.6798 26.3895 25.9224 24.4374 27.5797 33.9535 34.1235 34.3684 29.9537 28.4044 28.5891 25.5071 35.9365 26.3113 28.8767 26.1919 30.3911 25.8993 31.4571 31.4579 32.7538 33.4486 34.2987 27.052  32.5107 29.7418 24.7194 27.3839 27.2616 25.8401 24.1348 27.0138 31.3811 26.5705 24.629  36.0184 25.5732 26.9352 31.3055 26.637  28.1889 28.2902 33.3109 33.7387 29.9765 31.0425 33.2609 31.9485 33.2936 26.807  30.1572 24.5038 33.7199 31.0139 25.3561 26.8474 28.6718
34.4988 30.9151 31.0631 35.3471 35.4036 29.5457 31.253  34.1459 29.9247 33.9583 27.5069 24.4543 26.9609 26.3689 28.3868 24.7032 25.3719 34.2487 29.7492 35.1337 30.9291 26.8202 25.9257 35.8333 27.605  32.7832 31.084  26.4449 28.4154 31.4065 34.4272 35.7224 24.1902 29.498  35.5131 35.1271 27.6972 32.8287 35.2252 33.5999 31.4839 35.722  32.4082 35.0129 28.7338 26.1798 34.0622 27.1379 35.8325 33.9909 32.8478 32.5867 25.2809 26.6664 31.9936 29.5759 32.5382 29.6082 35.256  25.6668
32.5771 34.6846 33.8951 32.1611 30.2299 25.5001 28.645  29.7775 32.3014 32.4824 34.4088 34.2814 32.6734 28.6545 33.4629 27.8048 27.3325 24.4421 29.4591 32.9811 34.1176 27.981  35.6467 35.4749 25.8163 24.7183 29.2733 32.0329 28.1779 27.8261 30.4767 29.9552 26.7332 28.3314 24.7723 34.4658 30.2585 28.8425 31.8368 30.3702 31.04   25.878  27.6667 30.5773 29.2773 28.4107 34.8455 29.4128 30.2464 25.7652 27.8239 29.5678 25.1296 28.5844 28.1246 28.7375 32.5973 35.8322 24.336  26.4978
31.5544 27.4875 31.6382 33.7431 30.5938 28.4246 34.0302 24.8949 32.3752 30.2677 27.7354 31.8086 30.1796 33.3237 29.2799 30.7859 35.5054 31.4681 26.0652 26.1857 33.3061 33.6303 33.7541 30.1803 32.1971 28.9879 33.7284 29.2751 34.0288 25.6033 27.1386 34.2429 29.9916 33.5308 26.933  27.3266 28.1441 25.8486 31.8596 35.7205 27.0061 25.4083 32.4541 24.8593 24.329  25.868  32.8467 33.0538 35.8612 27.1599 30.0984 24.4014 32.7189 26.3249 31.1656 25.9136 24.8766 27.2675 25.1395 25.7858
30.9239 30.6985 26.955  30.2883 29.238  31.716  25.9889 32.966  27.8136 34.4254 27.9344 28.895  35.0353 26.8162 35.4084 32.2518 32.5401 33.5965 35.35   25.3741 33.2734 33.7739 31.1898 26.2015 25.069  29.1396 31.4244 33.8099 27.2488 26.3873 32.5724 26.8985 24.473  26.4901 28.4768 27.6336 29.4025 24.726  35.8002 32.6844 26.373  30.7502 35.3129 28.4169 35.6082 27.8676 35.4143 24.4469 26.1078 25.3018 25.1241 33.7203 25.0308 26.3535 35.0184 29.5913 31.3807 30.1388 25.2155 24.6592
33.6876 34.2003 35.4782 25.0712 28.2744 35.3555 27.7467 29.1253 24.9537 32.164  24.6305 28.4356 33.0028 26.3888 34.3391 24.0665 26.2951 26.8258 28.656  27.934  24.8354 28.8128 29.9864 25.7792 26.8471 32.9631 32.597  28.4393 24.9243 28.2906 30.6727 31.2963 32.9271 27.3479 34.7408 32.6928 32.2375 30.4109 24.1921 27.4577 28.7852 30.3904 30.3092 30.0701 33.1937 31.7792 32.8059 31.5691 35.1249 26.843  32.7505 28.9681 24.8365 34.732  33.0068 31.2845 24.73   26.3906 24.34   24.5115
27.4772 33.4699 33.2165 28.2722 32.1262 35.4932 28.6123 33.9491 26.6469 31.777  32.6572 29.2373 24.0841 24.719  27.8683 31.2684 24.8453 32.1644 29.859  32.4314 24.3209 35.9603 26.5849 33.7324 34.6332 32.5331 32.6723 33.7166 35.1455 32.4438 32.0961 27.4702 25.0939 30.3551 33.6843 28.1158 32.8041 33.0215 24.7455 32.9565 26.2294 34.3802 35.2718 30.9184 24.4965 25.3528 25.8067 33.6087 30.2989 35.7268 28.028  34.1066 34.6982 31.0073 34.5447 32.2415 27.0252 34.6281 30.8542 30.4697
32.8206 33.6873 26.948  30.8083 28.2708 26.5647 24.264  33.204  30.8391 35.306  28.161  29.6937 34.0548 32.0193 29.5832 30.8351 25.9944 35.35   29.9912 34.5315 24.1403 25.4538 33.226  33.8951 29.231  29.8013 30.2526 34.4404 35.3526 28.2348 32.8085 32.8518 34.9725 29.6071 25.4803 35.9152 35.8472 28.5877 24.5953 35.7606 28.5017 26.5092 29.2141 32.0373 29.5039 29.3974 28.555  29.2024 30.943  26.5584 31.6231 27.3421 29.4628 31.3363 30.6856 30.9772 25.4208 30.9827 32.8298 34.1037
33.1673 35.5424 35.1414 29.9838 29.1135 24.5773 29.6107 28.0108 35.0063 29.7525 33.6344 29.8891 34.4555 31.7817 27.6612 31.694  28.4305 30.0896 24.47   28.1143 24.0338 35.8788 31.3047 25.275  33.6373 34.1062 33.0887 26.413  35.126  26.0461 34.7004 32.9025 30.4954 29.4793 25.8119 24.9012 33.2139 27.8606 26.5926 24.2787 25.3396 34.2924 29.6574 35.6405 27.6575 33.0296 32.6594 28.2671 35.0338 24.5104 25.0286 31.546  32.4494 32.9029 27.0061 25.3954 24.4102 25.3995 32.4354 35.1771
28.468  35.4415 25.6554 28.3725 25.7072 29.978  32.2606 34.551  35.5369 29.5424 25.1123 25.7318 30.8806 33.28   30.4227 26.8122 29.5564 29.0808 26.6667 29.2564 29.8208 26.0116 29.281  33.3193 29.6001 28.2091 26.0983 32.6649 26.0035 31.8236 24.1113 25.9903 30.0907 24.3415 28.9531 25.9455 29.5803 31.7773 25.149  29.6295 30.7392 24.596  31.2254 29.2476 27.9072 28.6923 33.0072 27.215  31.8938 35.6842 25.6092 25.9933 29.7756 34.7841 27.6303 29.1363 31.3885 25.2317 33.3193 35.8762
26.9161 30.7253 30.9511 29.6203 34.9325 35.0063 29.1201 26.9172 29.2039 28.4874 26.6535 30.8446 31.9026 24.9162 24.2879 27.5664 29.1719 33.4107 25.839  26.4405 32.8045 25.3459 30.7473 29.7374 28.1907 25.8251 25.896  28.6123 24.0099 32.2933 26.7097 31.719  28.0552 34.4224 31.0422 30.582  32.2915 30.3525 32.1174 28.4467 24.0756 24.6235 26.2371 24.6863 34.4349 35.2534 29.1561 33.3597 35.7709 35.1238 24.7965 27.9935 24.7825 35.6251 28.6754 35.5803 30.7682 33.168  33.2815 31.2093
24.1182 26.5063 29.8101 24.7781 30.7051 30.0393 29.9221 27.3035 29.8909 26.3168 29.2402 35.5894 26.102  35.6063 28.779  35.6225 28.104  29.1477 31.9551 31.0947 25.1094 32.424  25.0771 25.2254 30.78   24.7374 27.4232 34.4764 31.5537 29.5535 26.2768 26.2371 30.6944 25.9698 27.4291 27.5363 24.4921 27.6369 24.48   32.1269 29.8135 31.6925 33.2179 25.1993 35.5329 27.5954 30.5097 29.837  33.1368 33.1588 28.2105 25.1696 35.1348 34.8095 25.2618 25.4017 32.0109 27.9865 32.3866 25.2768
24.9684 34.7265 32.8871 28.9516 25.0455 29.6056 25.8089 24.2743 35.5186 24.1171 27.0218 35.2072 28.5017 24.0613 30.0815 30.1586 28.9281 25.788  31.0451 35.5586 28.02   30.6037 34.8822 27.8789 31.972  26.583  27.3153 25.6349 28.1132 25.3987 34.2976 26.7633 29.8751 31.2037 24.3371 32.4225 30.9698 29.191  28.5609 31.2342 30.0969 27.2844 29.1723 28.5803 28.7907 34.0258 27.2958 31.0811 31.355  30.1869 33.3843 34.7643 33.7317 33.753  30.1987 35.3478 30.2534 27.0204 24.5545 24.9166
25.1186 25.954  33.2881 29.5138 29.4147 24.4418 35.4011 31.6    30.5266 33.4251 24.6298 24.4238 35.0816 31.784  25.94   30.2284 27.8742 24.8791 29.6934 28.5102 32.1585 27.6344 31.878  35.3772 29.5112 35.7    25.8545 27.5319 32.9554 30.2009 25.7134 24.1193 35.4503 31.4891 26.8581 32.0039 31.1689 30.7998 32.0392 35.3467 24.2009 31.8288 24.3944 35.8792 29.57   31.1318 27.7511 35.9471 29.3401 24.9673 27.4419 30.8857 33.0927 27.9098 24.2611 35.1671 25.0561 34.4265 30.9129 28.3824
31.3965 29.0775 30.8773 25.9966 29.7929 24.6621 33.9414 28.5726 31.0635 29.4117 31.7281 30.3408 30.903  30.8439 35.6023 33.3351 29.1356 29.7492 24.3503 31.3804 31.1343 31.4263 32.142  30.4789 24.2545 27.6322 35.7191 33.7849 24.4227 32.803  27.739  33.6487 29.3052 27.5073 31.4828 35.1804 33.3549 29.1194 34.7404 33.4886 25.3998 34.3813 31.2629 29.205  27.8033 29.769  27.2686 28.5219 25.6613 30.9298 32.9315 28.1169 25.5633 34.2465 28.6971 27.457  32.2154 34.3247 34.6563 32.7611
26.0285 26.5547 32.1637 34.9435 30.7851 28.2194 34.3831 34.118  29.606  25.2629 30.8916 32.8177 34.9211 34.6189 30.8226 34.4103 34.5645 32.7901 25.9419 29.0335 35.4719 24.8053 25.9422 27.5936 35.3912 28.3082 35.4763 29.8843 35.7918 30.3169 28.9611 35.5065 34.682  28.3288 33.3208 31.7762 28.2836 32.8151 25.7509 31.203  32.4736 34.4823 33.432  32.5562 32.6146 29.9387 33.9707 26.2411 29.1091 24.9162 31.4722 26.2951 27.1368 24.4458 27.345  33.1272 29.6104 25.412  32.1189 29.6555
26.2081 32.9091 29.9049 35.2788 25.4861 31.5948 29.7437 31.553  26.6568 29.7341 31.2408 24.6746 26.1794 34.9237 26.7005 34.5638 27.9432 31.0613 35.6225 34.9953 31.8519 32.1427 29.0449 31.6606 29.7657 29.7606 28.389  25.8486 31.7373 30.2145 31.7292 26.5621 31.1648 34.208  28.0783 27.2157 28.0677 34.7103 29.368  25.51   31.1365 30.3544 31.7612 26.6873 25.4035 33.688  28.5028 24.5306 30.7455 35.5454 34.0761 32.684  33.5007 25.1898 25.2779 28.2821 24.7131 27.497  35.7393 24.8674
35.5825 28.194  32.7483 28.2917 30.6059 25.1913 29.4896 32.402  30.3147 28.8884 25.463  24.8145 35.2979 32.893  35.6695 27.208  27.1518 30.7308 29.9464 32.1427 27.1695 27.7879 31.0154 29.299  31.1556 27.7974 24.1583 31.2743 29.8079 27.341  35.3805 27.1085 29.3151 33.7838 30.9834 26.3634 28.9171 31.8082 31.4968 25.6697 26.507  34.2968 32.7321 24.4627 33.0927 34.4382 30.6415 30.1182 34.8238 30.8964 31.5398 34.8176 27.8062 27.1581 31.5082 24.6786 28.3097 32.4945 27.0402 27.5499
27.1566 25.8174 28.7136 31.3756 31.564  30.2067 31.6433 32.2257 30.8604 30.748  34.844  31.8636 29.3508 27.8598 27.1471 27.3487 30.8802 30.9507 31.8045 29.1451 34.1444 31.8849 31.1582 29.902  31.5893 27.8305 31.9731 32.5746 34.8488 24.6658 32.6462 35.9835 35.3405 30.3555 32.5573 26.3205 31.2507 29.6394 25.2713 29.1245 29.5417 33.6704 31.6249 29.5762 33.8778 27.4886 30.1807 32.2298 35.3978 29.296  33.6028 31.9301 29.2652 24.2512 24.0459 34.6732 25.795  34.8837 32.2129 32.5195
30.9518 30.6834 25.0323 35.2149 25.1843 35.2237 31.0154 26.5408 35.7224 25.0811 35.8777 32.2683 30.4741 27.0409 29.3522 35.379  29.4804 31.9173 24.5732 33.7265 29.6908 35.2119 33.8654 35.9611 30.7293 27.5051 26.8808 26.1728 34.1749 28.2036 35.4158 29.9919 27.2561 33.6762 33.7559 35.8465 28.0548 33.5624 35.642  24.448  34.6527 26.4527 24.6753 28.6641 27.5158 32.297  26.8885 31.6257 36.0088 32.7347 26.5323 34.3571 33.2807 29.2413 33.8055 28.5741 31.4072 29.9449 29.6416 25.438
32.7251 34.6791 24.087  32.3513 28.7592 33.6939 25.5757 32.3113 27.562  29.4172 25.2765 26.3678 24.1087 24.4976 34.476  25.2471 26.9322 33.6476 26.4813 26.6146 31.5735 26.4185 25.5677 32.503  29.9662 26.8988 25.9878 35.0831 30.5615 24.7587 31.709  25.3036 33.9164 31.9397 32.2485 24.7708 34.8176 35.6746 24.7847 26.9385 31.7586 25.705  30.2747 28.4716 30.6144 26.8801 33.2613 24.8174 35.3658 26.2074 33.7618 30.5255 24.7444 26.3678 32.6216 34.4415 27.9876 30.5372 30.4271 34.551
33.847  34.0879 29.8307 26.5008 26.529  32.5849 25.109  30.4028 27.114  25.3793 28.9766 29.9552 25.0065 24.2152 24.2115 28.812  26.9231 34.1206 34.5124 26.0384 35.769  28.0288 33.6806 31.3514 30.4829 26.8045 31.9393 30.2813 35.9611 29.3486 34.4235 31.9867 29.2454 24.798  30.155  25.6249 35.8193 24.0206 31.4259 26.1479 29.8234 29.5564 33.1126 35.4176 28.1437 25.6084 32.1783 27.3215 28.2781 27.5606 25.0128 35.4701 35.5362 31.9705 26.6047 30.9996 34.0449 26.8379 29.1995 30.0613
26.7799 35.4628 28.6615 34.2792 35.1976 28.8073 24.166  27.168  27.2536 28.624  35.209  26.8852 25.3811 31.7105 29.523  33.2466 26.2841 29.4176 34.5186 25.8126 32.25   29.5307 25.0117 31.4696 30.4043 29.7624 28.3185 33.2561 27.078  30.4667 27.4489 27.6498 33.8793 35.816  31.2761 26.1317 28.4033 34.7907 24.7807 31.4854 26.8401 31.5442 35.8854 25.3095 26.6811 32.2668 31.9709 33.2925 28.9846 34.0475 26.9936 27.9777 30.769  31.1501 28.0611 24.3577 28.5197 24.04   33.9248 31.7557
31.6892 34.544  27.1012 24.813  30.9041 28.2487 27.6865 30.2262 28.0559 24.2791 30.2512 34.7963 24.8637 28.8366 24.2336 28.0269 28.9431 24.5075 27.5213 29.2362 34.1448 24.7422 32.8136 27.3571 34.1907 28.4261 25.0807 32.3513 26.3726 28.3431 29.8781 34.0446 28.2451 28.7794 25.9389 31.2126 27.9748 33.5396 30.7638 35.0265 35.6735 31.8225 24.1641 29.1829 24.018  27.4599 30.5156 31.492  33.7805 30.668  24.6731 34.6879 28.0067 33.7489 30.4429 31.4042 35.1969 34.2873 28.4232 33.432
32.8603 31.0176 30.0819 25.4839 27.5719 31.8365 31.1443 28.3082 35.5883 35.2406 32.6958 30.8762 35.1014 24.6632 35.6063 26.6587 27.3729 33.2462 28.2116 34.0387 25.1321 29.7407 29.2931 35.0562 33.2885 32.0223 25.7942 25.3852 32.8625 30.4531 35.7771 25.5111 33.1922 31.3143 27.7592 29.415  34.8539 31.1674 35.2355 29.5233 28.5179 27.8077 29.0559 34.0651 28.6108 35.0948 30.867  35.0988 26.3418 26.8324 30.2864 35.8821 29.4293 29.6717 32.5827 35.6791 24.9511 25.488  28.1665 32.5474
32.6543 27.5954 30.1649 26.4292 24.9853 27.3564 31.55   34.9586 25.5702 31.1472 28.0971 32.1108 30.0455 28.6354 30.8336 26.6642 24.8652 28.1029 33.7684 34.1775 24.7466 35.8597 29.0228 27.0832 31.3635 31.264  35.1444 25.7248 26.4648 30.9761 26.175  29.8851 34.3993 29.2432 28.0758 25.8254 30.2989 28.1712 29.4128 33.117  29.7242 29.0052 33.0821 29.187  27.7298 29.9244 28.338  28.7232 26.8871 33.7258 29.4018 35.5311 26.785  26.6767 32.12   35.6831 34.0512 28.1738 34.9475 26.3249
25.5757 28.0897 35.8873 32.3715 32.2834 31.7799 31.3348 33.2675 35.4701 29.6254 24.7223 28.8043 35.5792 26.8599 34.8109 33.7989 33.5712 34.7794 27.2943 26.0737 32.059  26.7251 24.2912 34.6262 24.9985 24.668  26.5966 31.4377 34.9688 30.9808 27.3303 30.4076 34.4731 31.4031 28.6215 32.7949 26.8856 24.444  27.1008 30.1215 27.2113 26.4578 24.2391 28.8161 25.7586 31.7175 27.3053 30.7906 35.8807 33.1445 24.7792 30.4935 32.1236 34.8837 34.3626 34.8271 24.3367 30.0246 26.9205 34.1151
25.9529 31.0859 29.0647 26.7663 29.6225 30.2967 27.2128 25.8232 25.1773 25.4296 35.9996 29.7161 28.71   24.3114 26.0737 29.794  25.3774 31.4068 26.0208 24.936  35.3776 25.8691 33.2877 31.5732 25.2148 30.7065 24.7774 35.3614 30.1263 29.7767 26.879  29.2645 29.2979 24.7785 30.2233 24.1223 35.9974 25.0554 33.8147 32.0708 28.4889 33.7523 27.8929 29.2101 27.4309 27.7016 31.7212 30.2611 29.8436 30.6786 31.7476 28.9053 33.1581 24.7065 32.5988 32.8184 27.8925 27.6869 30.2622 31.3194
24.0033 33.8918 35.6757 28.3809 25.5585 25.2702 30.2809 27.0619 30.816  26.8684 29.8986 25.8996 32.511  29.2505 30.1752 33.6601 35.2806 27.9829 34.0288 30.6191 28.9248 27.1379 30.6107 27.1673 30.694  28.2506 29.9423 27.5808 27.0108 32.1736 34.7805 25.6888 24.0786 27.1434 29.7995 32.8074 25.7487 26.594  26.0788 24.0015 27.7706 33.7651 24.3867 31.6841 27.2932 32.7494 31.5096 31.9518 28.443  27.414  29.227  33.1511 30.8149 35.3129 30.1689 24.119  29.8329 33.9649 35.9324 35.158
27.8485 31.337  31.6955 29.3548 24.7737 29.2762 25.2236 33.7335 35.2417 27.6718 35.8935 35.3199 28.8976 30.6129 29.585  27.547  33.3443 33.865  29.9603 32.9018 31.6095 27.1261 28.9641 29.9868 26.0337 26.4861 35.3489 32.0553 32.7986 26.1537 28.4683 28.5965 30.0448 29.2696 35.8043 24.9985 32.9187 34.8411 29.2714 24.2291 29.7037 32.3142 27.2356 29.1282 24.5754 25.2173 25.0851 29.5902 29.4326 27.0997 32.9921 29.1569 33.7493 27.1221 24.206  27.1691 35.5593 24.9621 24.379  35.068
30.1583 24.0914 24.9331 30.9548 27.5969 34.9523 35.2068 27.2653 31.654  25.2272 28.5851 35.3434 27.2929 25.1531 25.1501 29.5663 29.6254 24.2563 29.9618 31.7296 24.7862 35.9122 33.4049 33.2932 24.2071 26.2771 33.3703 32.6212 26.5981 35.8671 33.0207 25.1465 24.8879 33.8914 34.06   31.0723 32.9293 26.1548 27.4027 34.6299 28.5616 28.8275 25.2239 27.807  28.4944 31.8097 27.9829 32.5705 35.1782 33.2789 30.5751 29.7613 35.0247 28.4834 33.3983 29.6857 28.8025 34.3706 30.1256 32.0799
32.9132 33.1166 34.2373 26.2415 32.3722 24.4403 31.8684 31.7013 28.7592 33.6678 31.3257 29.3985 31.6003 24.7756 24.6316 24.397  28.1525 34.6593 31.4476 29.942  32.7413 32.6407 28.7026 33.3942 34.0288 26.0149 32.5408 34.6703 25.5996 35.9886 27.6245 25.196  34.4959 31.6143 34.4599 34.1029 32.2735 35.6941 33.8613 25.4424 28.2619 33.005  27.1783 25.8394 25.0381 27.1753 35.6361 25.7032 27.5036 33.0005 28.6259 33.4107 26.2298 25.6341 29.5054 30.1524 26.1376 30.5314 27.7688 24.3489
29.137  26.6212 30.3698 25.5331 29.7628 27.0854 25.4542 28.3097 28.6953 34.2829 34.8587 30.8409 26.9403 28.635  28.6299 34.0857 29.6188 24.9368 34.3504 34.1966 34.1775 31.0194 34.0332 26.5055 31.9694 26.4582 29.4965 33.5047 34.1154 24.8788 25.4182 30.8516 30.264  24.697  34.2168 24.4689 35.5557 32.1769 32.4519 32.4376 26.1181 33.8411 33.0659 32.2242 26.6891 29.9144 34.6846 24.0334 30.3628 29.9082 24.3386 30.1616 26.0965 25.7579 35.4866 24.7164 30.5622 24.1168 28.5737 34.7353
26.9546 32.8911 29.1943 34.0401 32.2382 35.4833 26.3715 27.2943 26.9774 28.3255 29.9218 29.8263 29.3981 34.8414 30.0727 27.8327 35.7955 27.0226 29.6813 33.6417 24.6992 28.743  24.5806 31.8629 35.7084 31.1784 30.2042 27.3652 27.052  30.5512 30.018  27.0075 28.1716 35.1591 28.136  33.7056 26.6609 27.0207 33.5238 29.1469 33.6549 25.9217 25.7983 35.7793 31.734  24.5956 30.8523 29.8193 32.8401 27.0597 31.4255 24.5347 34.4999 31.0334 33.3759 35.3779 29.6552 30.0345 24.8046 29.6368
26.8592 32.5099 28.4617 29.4323 31.5768 29.194  32.716  25.5038 29.5751 26.3862 25.5816 27.0454 31.4432 28.2116 25.3837 25.3631 26.7013 25.387  31.7292 28.1525 26.8632 29.9816 31.0249 26.3983 33.88   33.2091 28.342  26.6322 29.1029 34.0321 35.3078 34.6126 35.78   27.6458 33.9557 26.8999 25.34   29.429  26.7097 25.0187 33.3336 35.4628 36.0037 31.9209 26.655  31.2974 31.3492 29.6743 32.3168 34.3038 32.4134 26.7123 33.2958 28.5998 28.9879 28.6828 33.4306 30.5736 26.579  29.5303
25.5115 35.7011 26.9682 29.2057 35.9203 24.5156 35.8678 30.2486 28.089  31.1197 27.3586 31.6661 30.6654 30.9397 29.4334 32.5191 31.9966 24.1351 31.6995 27.5404 30.8751 35.2736 35.9978 31.2599 25.831  32.6473 35.223  28.736  32.0847 29.3342 24.5064 33.7578 28.7669 32.4589 34.6075 32.2903 33.8283 30.5497 26.9506 28.129  28.7456 34.4103 25.2059 28.692  26.709  24.4767 34.0651 31.4986 30.4667 24.6375 35.8737 29.7518 29.1121 35.1624 24.8942 25.3705 32.6858 32.6789 32.9411 31.8012
29.1525 34.5697 33.9597 30.8802 31.0811 26.6117 30.2497 34.5396 24.3955 27.9832 27.4067 35.1389 34.6574 32.2999 32.229  31.3047 26.9785 26.6054 33.3439 33.3979 35.5237 31.5372 26.6124 30.9291 34.1404 27.674  33.0307 30.5982 28.3049 24.1381 26.7872 26.9532 24.3195 26.1659 34.0611 26.3763 31.0583 25.3543 31.4178 34.5227 26.9554 34.0229 24.7249 31.6576 35.4984 34.7096 33.7067 26.5114 25.3308 34.6971 26.1335 32.6036 30.9188 24.3911 32.1563 33.5907 29.382  29.451  25.5214 34.2781
29.624  31.4233 30.806  35.2292 29.6802 31.0117 31.3818 27.6054 33.6961 28.7364 28.938  26.6726 25.1178 28.6475 33.8433 24.0095 27.3344 32.3822 24.3187 33.2804 28.0324 32.9605 26.7141 25.3811 30.8615 35.7756 29.9816 24.0841 34.7346 31.9415 31.0301 25.6264 35.9056 35.6886 32.3454 25.3976 33.6395 26.7365 35.8781 31.7737 26.3179 29.6633 35.0691 25.3521 26.9356 26.8074 24.9529 32.4336 24.6577 32.9822 32.2118 30.3456 29.6926 28.5443 28.6843 33.9432 31.8886 30.9581 31.0315 32.7538
34.3725 25.4659 33.4724 31.8372 28.7393 35.0096 28.1529 34.2899 24.9779 25.94   24.791  25.9345 26.7057 25.929  35.3717 28.754  28.8036 30.2916 31.7931 30.9151 24.2864 24.9966 34.768  28.4033 25.2963 27.4669 29.0269 34.2498 24.8956 28.2252 31.5842 25.6422 24.8788 35.3151 32.1817 33.8536 32.2059 32.3509 24.3771 34.4342 28.9516 28.0611 26.8783 35.1205 34.9681 32.2485 24.8083 30.9357 27.4937 27.7284 31.3235 31.4197 29.4319 25.8673 30.8038 34.0133 34.2708 34.6204 28.1092 28.2083
31.2375 26.6877 25.2845 24.8204 27.2793 25.4872 29.8751 26.5316 28.6461 35.5648 24.5343 30.3228 35.093  31.4105 26.1497 26.0788 33.5407 32.1262 31.8071 33.8507 32.1864 30.6834 27.9535 35.7606 25.6316 33.8576 28.5355 25.5339 28.2877 29.7015 29.6827 31.6378 30.5288 30.3437 27.2124 24.1579 26.8761 31.0495 32.655  30.6731 30.86   33.3263 29.5094 34.3442 33.3112 33.1713 34.0655 27.6032 35.3173 25.9881 34.0324 35.3162 28.3717 25.5284 29.4774 35.5972 28.8811 28.0537 33.5481 25.3176
27.5264 27.3788 28.8502 26.1398 32.8434 24.0132 25.7494 25.4197 33.414  25.7773 25.9404 32.8621 33.9737 31.2317 25.521  30.6845 25.9239 29.3978 29.371  34.2667 35.5178 31.1821 30.5824 29.0133 25.9823 33.6065 35.0397 24.4689 25.47   28.5297 24.7282 27.5158 28.476  29.1587 24.0988 31.2937 30.5809 33.5051 30.7098 26.2353 32.9473 30.4495 34.635  33.5943 27.4732 27.7332 32.2551 35.4921 27.6582 27.0498 30.2949 30.491  35.7554 33.8444 29.9559 28.5521 35.3269 26.9998 35.137  33.8955
32.1468 24.148  26.4615 34.176  28.0023 35.4213 29.3328 32.4607 34.5675 29.3508 25.2111 32.1306 35.9728 28.6167 26.8617 35.2468 31.3029 26.1706 30.6661 24.6812 29.5513 31.9584 34.3842 26.6429 32.0021 25.0007 25.9867 31.3741 30.9911 24.795  35.6835 25.0778 35.953  32.7262 24.4036 31.1766 35.3794 33.3832 25.7417 28.916  25.922  35.1014 25.8361 32.4618 29.2971 26.7692 34.2917 30.0433 35.7003 34.7731 35.1756 30.1932 35.0485 24.7609 30.5376 34.9707 26.623  24.6301 33.9421 30.7847
24.0353 32.9179 33.9436 33.2954 30.3224 28.8385 25.6429 24.325  24.159  33.2011 33.999  33.8463 28.255  31.066  34.5039 24.4829 24.1686 30.2684 31.8166 24.1204 25.2629 30.5578 33.5069 31.7021 35.9394 33.0986 35.1029 33.5022 28.3758 33.5349 30.3584 27.9843 25.8963 32.0994 30.5663 35.5424 27.1151 28.0457 34.6358 27.3266 28.4338 31.8691 30.029  26.2209 35.4708 26.5074 26.4343 25.376  32.2118 31.3139 33.8106 25.4961 27.0799 31.5313 34.8165 28.8109 24.3885 35.353  31.7142 26.2125
28.3438 33.3391 25.2386 32.0722 24.3209 26.0087 29.5858 34.7603 32.5503 26.7314 29.1411 25.683  34.5399 25.2541 29.241  35.0203 35.8329 35.5759 34.3798 24.1219 29.3287 33.0116 33.9663 32.0337 26.5008 24.4873 33.5962 29.0206 29.0364 32.8426 31.456  30.9897 24.0037 34.6222 25.954  35.9769 31.4975 29.2204 26.3866 35.769  35.1734 26.1681 32.4167 24.8262 29.1903 32.1607 26.3609 30.9404 36.0308 29.1796 28.2968 29.6309 27.8962 25.3051 29.3603 31.445  27.3002 25.1758 33.739  35.6941
30.7668 25.7586 24.7304 31.5027 31.2577 28.7849 25.2093 28.4904 35.9247 31.1141 31.7704 33.237  29.9225 32.5158 28.9894 26.0517 35.5722 34.1661 31.5335 34.6894 25.0804 31.2463 35.6735 34.6439 28.6339 33.11   32.4875 25.3547 27.6131 30.1682 24.4715 36.0261 34.9061 25.1971 29.3897 25.3337 24.2684 24.1498 25.1116 30.3683 26.4776 31.9749 35.8583 35.7455 30.1619 32.7575 24.82   26.5191 29.1172 35.7855 34.2205 32.7571 34.4885 34.4937 33.2341 27.7647 32.637  32.0807 35.1602 29.3004
31.9661 28.8914 28.4882 25.1075 35.1234 29.0926 30.5725 36.011  31.7226 33.9285 25.1343 34.1635 28.5062 30.9595 32.1545 29.6893 31.582  30.7972 35.27   31.2838 33.7658 28.3736 27.269  25.5453 29.957  24.4939 31.1696 29.5615 29.3452 32.843  32.5749 24.6008 27.2132 27.6942 29.7521 29.9923 25.4637 34.2517 28.8337 28.7783 28.5352 28.0879 34.1533 28.2924 31.6367 26.0972 29.581  27.4107 24.2321 35.4282 24.9364 29.2329 25.701  26.2217 30.9757 27.37   31.7127 27.8073 25.0058 32.3983
32.6388 32.8617 35.346  30.5541 30.6665 25.7803 33.6597 25.4656 24.4142 24.3198 28.1125 30.9243 32.1122 29.6159 34.3442 33.1339 25.8725 26.3212 28.411  31.0976 28.6211 24.2321 27.9825 29.1818 29.6144 30.462  32.9227 30.361  30.2754 27.7504 31.7028 24.5038 32.7086 28.4738 33.4056 32.24   29.9313 27.2418 30.9419 30.3081 26.7729 29.9471 35.7334 35.5189 30.1531 30.2901 29.3184 28.8322 25.658  27.4045 32.3025 32.7861 35.5505 27.8117 27.807  35.8109 34.4753 29.0632 24.0764 28.5282
34.5902 24.5615 29.4881 26.0693 32.1552 26.9205 32.1034 28.6501 31.0392 29.0265 33.7647 35.0992 27.7119 32.5224 26.305  25.4792 28.783  26.7758 32.0869 27.4934 33.7816 36.0242 24.2302 26.3921 30.1821 33.5253 29.2428 25.597  29.6284 32.9341 34.8866 29.7947 35.9295 35.3996 30.0573 29.0831 33.9535 34.3156 28.1408 32.6899 34.3806 32.9708 27.5947 26.2804 34.8146 24.3404 25.9529 33.7339 28.4871 32.6601 28.9626 25.0547 29.3412 33.6637 26.6539 31.7773 28.136  33.6208 34.4896 31.0473
28.8602 27.7879 26.9892 31.9305 31.9573 34.1804 30.4403 33.4313 29.4231 31.5776 33.6351 35.0797 34.7059 33.7662 31.3657 34.2899 31.9727 32.666  28.0875 34.9281 24.1094 30.3195 27.6924 25.3499 27.9094 24.7444 29.3177 34.5858 27.3582 25.2339 31.0829 32.3987 34.3005 34.3097 25.5695 34.5862 26.731  35.8076 25.0352 34.8624 34.3251 34.598  27.9902 28.4188 33.1577 30.9919 25.2801 25.2647 27.5205 35.5043 29.5039 29.6515 28.9196 31.0851 33.3909 28.0761 33.4023 24.5927 25.3506 34.3732
32.1883 34.454  27.992  29.819  24.39   35.9563 35.1312 27.2594 30.7003 36.0062 29.6728 24.9893 28.6975 34.0717 30.0933 31.2537 25.2386 29.1168 35.0405 33.403  30.1689 33.7982 30.3815 32.4082 26.4813 27.11   24.4744 28.7952 26.0461 35.3735 35.3309 32.5764 29.2913 32.0954 31.553  31.3723 26.0755 27.0909 27.4629 25.394  24.6077 35.3904 33.4871 27.3876 29.0529 31.6007 26.1156 27.9109 24.8762 25.4645 35.5847 28.6013 24.9382 27.363  34.2832 35.5156 30.816  27.4691 24.8593 30.964
34.5752 34.0578 35.0904 32.5121 35.7914 29.9589 33.4379 28.9534 30.5831 25.0139 25.8702 34.2807 31.6885 27.4298 35.0118 25.3973 28.2146 27.6575 29.6802 28.6637 28.3251 34.2803 35.3177 24.7524 33.3237 26.9183 24.0911 33.1724 26.2393 34.0923 31.7634 33.9043 27.934  32.5878 27.9098 27.3443 27.074  32.7002 34.7188 34.3864 29.5131 33.8643 32.9759 24.9911 33.4372 34.548  30.1484 34.3207 31.4149 33.62   33.7269 33.6333 26.1993 26.565  27.9792 31.6128 29.0651 30.0228 34.2036 33.489
27.5253 29.7319 27.7394 32.8012 35.6093 29.744  32.4886 24.1498 33.0476 25.7986 33.8352 31.2937 26.8753 32.5871 30.722  30.643  29.7745 35.9251 24.2001 29.2255 32.229  35.6721 34.5814 32.7865 27.5378 26.3414 28.7426 30.7363 34.4096 33.1074 30.2042 34.4239 31.774  26.095  28.8069 30.7363 27.298  35.2123 34.8106 31.8857 29.8487 35.7205 26.5959 35.2604 27.0564 35.0985 28.5006 26.0685 27.0145 27.663  31.8702 29.1749 24.6077 30.9026 31.9525 30.0048 35.74   26.4207 26.0836 35.639
35.8821 31.4744 29.1943 35.8157 30.4454 27.7442 24.2875 26.6546 33.2381 33.4845 24.2438 25.2904 24.0731 33.6546 30.242  33.6682 34.8183 30.1208 27.0545 24.0793 25.8291 34.8176 29.1308 25.0293 26.9447 27.3053 28.9336 31.0484 24.4979 24.502  29.9104 31.636  32.4159 31.3312 27.5921 27.3498 33.4254 32.0968 24.9357 27.399  35.9119 31.9896 29.6398 29.1146 28.7085 31.7784 35.317  33.829  31.2328 29.3137 30.5119 27.334  33.2837 27.168  25.4208 27.5793 33.9428 31.745  32.0024 31.5258
34.0622 35.2072 35.4672 36.0033 35.3541 25.7245 25.2015 24.6581 32.926  29.426  26.8415 35.6743 30.2108 24.997  35.1029 33.89   27.0358 35.1242 29.7319 26.8863 33.8474 31.1758 34.3512 28.338  26.7373 27.5143 27.547  31.4457 28.6486 25.8938 26.955  28.9248 26.8437 29.9137 35.3658 25.7829 32.3491 30.6382 25.2096 33.219  27.5514 26.9267 35.4962 25.9841 35.4683 29.7121 28.1209 32.0278 32.7949 29.5469 34.8649 35.9449 24.4858 33.078  25.402  33.511  26.0403 27.446  27.6509 27.1129
30.5831 26.3935 27.0376 34.6475 31.8122 33.0189 31.6183 34.0449 35.4954 24.8295 34.1878 24.293  34.3321 24.6485 29.6912 28.8602 35.2942 26.1148 35.6655 29.8538 30.0198 29.8549 33.3626 31.8423 33.4809 31.2632 29.9787 27.0854 33.3692 35.4734 27.2749 24.9955 35.5781 24.6929 24.8149 25.8758 24.1641 25.6778 35.6376 29.5579 33.1977 34.06   25.9936 31.1854 28.5587 27.5297 33.7196 34.5998 25.7083 29.155  27.927  35.5726 33.2014 31.6811 29.3056 29.4106 31.3752 32.879  29.6464 31.2739
33.2275 28.8969 25.329  31.3716 27.8077 35.1774 28.2686 29.8046 33.6204 30.0323 32.1391 25.087  26.2702 34.83   26.0002 28.9163 28.013  33.3645 33.1419 29.3625 27.1717 28.5891 26.6131 35.2035 27.1261 35.5443 24.1421 27.3131 25.1876 31.911  33.421  34.0695 28.5447 26.0032 30.1241 24.3165 27.9212 35.007  24.6988 27.377  24.0966 24.9797 27.2712 29.2597 27.9355 26.5786 26.8661 30.4855 32.8037 32.8015 34.9531 31.272  24.423  25.0774 32.7483 28.6791 27.0373 34.8205 28.7217 32.1104
34.3453 33.2514 29.6368 25.3466 28.6417 25.9029 35.306  25.9015 32.8783 24.2776 28.8561 25.4817 26.0667 30.4065 24.5501 34.5352 27.7265 31.6826 24.6342 26.706  25.3664 33.4115 31.4821 30.2482 26.6429 30.1865 26.6763 29.845  30.5053 27.7732 27.1944 34.1929 30.5192 28.6299 34.0783 32.9572 25.1663 32.5944 31.8882 29.996  27.981  26.0248 34.8091 32.8882 28.2634 34.9872 24.8608 29.2358 27.5844 35.292  30.7646 34.3387 30.6279 35.6203 24.4601 24.1083 31.3543 30.2883 28.2241 30.3606
29.4606 29.5876 25.1454 31.8475 33.8892 32.7152 29.8153 26.4699 28.1925 30.8979 32.3175 26.3318 35.0074 26.0561 27.9781 24.1462 25.8141 32.2856 26.4549 33.6465 29.8281 33.461  24.0026 35.9236 31.7751 32.7097 25.0179 30.6    24.4238 34.6916 24.5042 35.7991 34.2586 24.2387 25.5273 31.2585 28.9112 34.9806 27.3678 25.4641 30.1201 34.5884 34.3765 24.5718 27.9785 33.117  33.2657 35.8516 32.2698 32.7861 24.9522 27.8176 25.1178 33.1496 34.6101 27.9153 30.4212 34.8822 29.6214 27.2341
28.1936 27.5128 30.0782 29.548  25.5482 24.6551 28.6596 34.4735 24.484  35.8057 28.6071 27.334  29.7418 26.2305 33.2143 30.2416 29.4242 30.7594 30.8281 34.2821 31.4759 27.7959 25.3734 35.794  28.5568 28.1555 24.0353 32.7138 34.5711 33.1632 32.1042 35.5186 29.2814 27.8385 26.7945 32.9723 26.4703 24.5883 32.2312 27.3703 29.8818 34.4415 26.7563 31.3547 32.243  29.3765 33.3821 32.698  26.1512 25.4725 28.2704 35.7275 25.7035 25.5438 30.1069 29.353  31.5577 35.216  29.3078 26.4681
34.5572 35.4991 35.7011 24.6915 26.7156 29.5604 35.9835 33.2205 30.4587 34.7114 31.2974 27.7908 30.6893 29.0103 30.4546 26.6469 25.1347 24.3338 24.7649 29.1936 29.4077 34.6508 24.5505 34.2917 35.6493 27.114  26.8761 24.2673 25.9095 33.8393 30.6775 35.3383 27.1037 30.6588 28.9806 32.0539 31.9319 25.4435 34.2289 31.3528 25.3073 34.4863 30.3143 25.3727 24.9001 28.5399 27.6608 28.2792 26.3877 32.3994 30.7146 24.8788 26.7523 26.4288 34.0424 25.9584 28.2366 26.4457 24.8373 32.1736
27.8441 26.4732 35.8447 27.2003 27.3604 24.3327 33.9792 30.6044 32.6781 31.1902 25.564  30.3096 29.2681 32.3296 31.1072 29.6849 34.9494 28.8969 33.7827 29.1326 24.2651 31.6242 35.8527 32.8004 30.1865 27.9774 26.3722 32.6583 24.914  34.4    30.5156 24.4726 29.9012 26.4696 31.8265 31.9753 32.8037 27.1001 34.0016 25.3058 29.1091 25.2746 29.4393 34.9119 30.8872 29.5134 32.8676 34.1253 35.5167 24.82   31.5148 36.0026 25.4568 29.0155 34.2006 25.7685 28.02   29.2406 34.7169 30.0701